1000
1
2
3
4
5
6
7
8
9
10
11
12
13
14
15
16
17
18
19
20
21
22
23
24
25
26
27
28
29
30
31
32
33
34
35
36
37
38
39
40
41
42
43
44
45
46
47
48
49
50
51
52
53
54
55
56
57
58
59
60
61
62
63
64
65
66
67
68
69
70
71
72
73
74
75
76
77
78
79
80
81
82
83
84
85
86
87
88
89
90
91
92
93
94
95
96
97
98
99
100
101
102
103
104
105
106
107
108
109
110
111
112
113
114
115
116
117
118
119
120
121
122
123
124
125
126
127
128
129
130
131
132
133
134
135
136
137
138
139
140
141
142
143
144
145
146
147
148
149
150
151
152
153
154
155
156
157
158
159
160
161
162
163
164
165
166
167
168
169
170
171
172
173
174
175
176
177
178
179
180
181
182
183
184
185
186
187
188
189
190
191
192
193
194
195
196
197
198
199
200
201
202
203
204
205
206
207
208
209
210
211
212
213
214
215
216
217
218
219
220
221
222
223
224
225
226
227
228
229
230
231
232
233
234
235
236
237
238
239
240
241
242
243
244
245
246
247
248
249
250
251
252
253
254
255
256
257
258
259
260
261
262
263
264
265
266
267
268
269
270
271
272
273
274
275
276
277
278
279
280
281
282
283
284
285
286
287
288
289
290
291
292
293
294
295
296
297
298
299
300
301
302
303
304
305
306
307
308
309
310
311
312
313
314
315
316
317
318
319
320
321
322
323
324
325
326
327
328
329
330
331
332
333
334
335
336
337
338
339
340
341
342
343
344
345
346
347
348
349
350
351
352
353
354
355
356
357
358
359
360
361
362
363
364
365
366
367
368
369
370
371
372
373
374
375
376
377
378
379
380
381
382
383
384
385
386
387
388
389
390
391
392
393
394
395
396
397
398
399
400
401
402
403
404
405
406
407
408
409
410
411
412
413
414
415
416
417
418
419
420
421
422
423
424
425
426
427
428
429
430
431
432
433
434
435
436
437
438
439
440
441
442
443
444
445
446
447
448
449
450
451
452
453
454
455
456
457
458
459
460
461
462
463
464
465
466
467
468
469
470
471
472
473
474
475
476
477
478
479
480
481
482
483
484
485
486
487
488
489
490
491
492
493
494
495
496
497
498
499
500
629951112
657378082
53597375
354971124
20686962
366753496
955885608
501168599
833143373
686244529
869989474
302925779
982859194
410267320
380669293
608566953
34210384
604182503
866129492
796987617
330579192
903059654
523952203
825029186
10851186
552345901
588030560
523060900
674952151
792187208
342640447
927204566
246827435
348047608
352981720
191653041
367590833
969302554
14612784
516488831
96382649
877583014
930884361
426821161
432323504
491615620
565973446
339053937
88382477
424190700
795530585
631737277
892885340
447924502
385730007
606484337
853972374
968164012
159234615
554039830
604492851
405053742
610179510
187134130
190440526
730643490
811863694
16835904
671987524
819457463
51385896
784838979
187904661
778313248
462851869
554218707
864039150
10097941
623388183
631266722
210047244
647313865
65284871
138053903
112935079
474178248
502472660
807824467
243709697
82923445
658840105
565992056
166265339
892450616
695603614
233439397
62334783
15633094
208685209
770928437
941685297
166544657
151189145
497347094
214573767
130133071
84744428
800282513
553578647
596799843
396078302
2847297
775002458
665909559
713803216
574246445
330149963
51162791
327723968
319071519
808391358
654153790
610307782
687195380
330612832
2978977
834304373
369980027
912295415
701199525
500845454
136119254
414035141
48143403
178014432
506730344
289144377
393586368
530422679
890513586
137243048
321567578
854530697
435026040
20266381
573101078
511265467
418899253
182787446
911906592
146360760
312381736
928221744
277832935
183312832
101110990
148376276
969828892
651862515
135356235
777277972
942469883
619599747
128093384
520799348
62165104
982458952
283566522
114523713
804078459
451797892
540493716
915550262
711115322
399453174
169232723
158618592
211704189
343026215
728053739
809046274
854736962
858501293
815709414
427123141
512419904
252497022
217362571
839165486
977787214
462757607
79363592
278729062
969224370
969191315
537107624
101909468
328558152
503470228
278049258
513760533
790017109
914816033
896791340
660394352
426181154
364932911
316613913
259855973
615251880
610019359
131618156
435376632
384326945
791003306
395945652
421223214
843798412
380605597
758901027
185927274
86530857
320025296
265524328
744596087
875726348
938199871
896659961
369056774
321362235
925556684
326821695
498466066
477090294
903460241
493399254
865883568
70075278
978259444
361535556
938663854
73537761
39138469
764644701
86472070
780369772
381827586
721717189
801580439
81150374
33922364
773215610
382979918
948267809
381848356
564050796
77051677
822565159
444568723
51160095
462519650
124842062
221922941
416595239
498015529
539802243
535213594
201938207
17890275
695764205
45922316
587731598
191673513
656924370
184493276
46743285
204720291
312603733
593502601
583042770
772545524
551551814
940886571
596245820
778303280
429766050
202798703
42177901
50555479
438562029
307055110
775329003
266600000
304801748
208709493
445220098
763358296
745092285
357587824
642584740
416758819
164239164
600653912
101901915
647941755
250469911
338153229
293760026
794800813
207509976
349589974
906815633
986219702
822638927
746570583
767314699
123924629
823922009
938324825
68337956
618273649
367160037
619467367
759258073
799745587
856179939
840014678
669771413
844694813
481708688
492569871
9527521
68708109
942080725
923339537
398382260
413538580
315205215
879754782
101364513
548234306
674103156
260797841
736109829
835349285
169374863
377270520
10279090
904652406
311380413
919238981
125396328
107609807
335011748
394461294
901171590
738632986
403136028
604126188
202285398
726949741
946101380
58301675
12914609
287194350
398047260
116684777
211801309
321714693
321192110
762483010
749472579
765105740
204835445
872171094
670599843
868825316
754341238
195462376
813587710
36315367
808356404
300389649
161997612
536287787
588855617
165938552
349055054
735368780
595147581
819096191
178375409
763920201
715845481
929945794
265914816
555746128
345819103
906022947
743490304
949740650
356745359
434152491
251872903
611283857
701292837
916163381
688470203
214742517
215957036
702220509
490515283
770164582
798626606
674356198
200746518
935211865
519970200
312866199
197818215
306954332
581844617
502359860
495368363
19806822
216629495
226112078
371724285
661797342
764471085
660792804
977902118
548149679
497995842
723476377
704959888
630876223
192388941
916442681
659026220
512323633
110532165
610236750
669384271
649608208
936925908
319272688
797327945
993931273
19195964
87857089
124412450
803219118
579526796
893364602
887148990
445777361
288480085
10215007
394505057
934859789
263101978
946411950
85068334
799324419
397661631
722170946
726914509
793194597
460625616
400346493
454425817
510136536
998610062
116584606
16860280
297539397
902940905
621458442
528279917
533649044
427722805
815094883
325724328
332407524
864699568
712570279
16597882
345727576
602934551
281420785
671445261
886964835
426789116
599765654
439388982
58133597
439630868
488029749
827704780
