655
1
2
3
4
5
6
7
8
9
10
11
12
13
14
15
16
17
18
19
20
21
22
23
24
25
26
27
28
29
30
31
32
33
34
35
36
37
38
39
40
41
42
43
44
45
46
47
48
49
50
51
52
53
54
55
56
57
58
59
60
61
62
63
64
65
66
67
68
69
70
71
72
73
74
75
76
77
78
79
80
81
82
83
84
85
86
87
88
89
90
91
92
93
94
95
96
97
98
99
100
101
102
103
104
105
106
107
108
109
110
111
112
113
114
115
116
117
118
119
120
121
122
123
124
125
126
127
128
129
130
131
132
133
134
135
136
137
138
139
140
141
142
143
144
145
146
147
148
149
150
151
152
153
154
155
156
157
158
159
160
161
162
163
164
165
166
167
168
169
170
171
172
173
174
175
176
177
178
179
180
181
182
183
184
185
186
187
188
189
190
191
192
193
194
195
196
197
198
199
200
201
202
203
204
205
206
207
208
209
210
211
212
213
214
215
216
217
218
219
220
221
222
223
224
225
226
227
228
229
230
231
232
233
234
235
236
237
238
239
240
241
242
243
244
245
246
247
248
249
250
251
252
253
254
255
973665057497699369
830802040676654082
824286713644545343
581964270690352792
842550855179965565
89881154159874913
311831562472998365
358701799179020036
525816316229070285
915111312976518983
757955012139677801
581503654507229179
444426209438819869
456658660127225497
219648164611217119
488254258276293802
686990541530271124
236330659059351781
16011768937236336
677577811281285343
595216903888842757
484017999014672714
352789192417070820
31918749061851454
466216388447912819
256674554635286215
321816635820176651
775354234995226695
44225249640003228
768287739261316593
269010362567815690
6637082920126328
110971040456605729
887181923144571436
203949751454933848
368223081885943659
256079350339998206
533980730914199724
335730473574858297
458276454179509072
91248501520088047
96191721615283010
503229402816078858
898902298236922417
659915146971003506
207942780980265211
307056804812674352
454031674259056669
306102878335371078
230457413835537769
164163406666743275
143269195713641243
388143475826154292
298943171092051076
93053466006631119
684266066382908791
398445025490046357
849064505067506429
646540026079214007
218788709513253025
15201642953638240
981558341296359630
356526498937131284
861203983200693237
710585660599059213
768835641600596154
755056061696348235
169027717980933430
524850437293681426
405295457663936316
475435042013180643
159181700484212940
118186607280091739
554488611390367250
829925197490583429
588102770791493776
591184252985235691
638908709535869118
663386901929343280
586022112651534331
499459960436306115
163306161722042906
150597246507452295
794114547550255125
2809411086816469
633081802817263918
110131919069338037
231605952276966873
345883074101820563
886970409777712955
520063396980879442
173032120979578344
346956337908339345
922184378531016662
467910587353246389
613361235694988124
5598664284009211
672942380451647684
759051269680609197
917713619301094407
951590830370720402
563354418791077734
92493590475791582
648795055810747090
847247287380395668
972244196213634321
364204561980494041
375940129310033695
175281986410667011
727954340654012005
771136433811770684
699048783138625534
465686609651408124
568850670735966910
629755315153524029
527503152064472627
944067062315714240
146287802590077956
167718010579662553
39799379372487396
904860579643417942
939561947924535608
971855506362202545
801885219476955747
288903511817553175
787819623438758280
725990944555179580
545570822857356413
567919629765300682
67224068335602179
613135252885291734
793876685560878503
605964275556506063
980006839746786385
225940824643770968
416713885727263135
826846025141000432
514518189897765318
30423274748422538
434896993939113307
6625442332805032
846943761337288988
354844374888860726
145928684592205393
304035889386698885
698734925483156937
403670558827814679
930556823401611027
373411492344472091
619975216266474203
591091818323928702
318534062115978975
647775653509700948
502412817285360782
290463973224031645
582089744416677192
18037372529904676
816548635005945966
274646783728486971
618110551176158133
754894243759951735
320310561235478457
902069526119354863
217448334191481095
474674725073980289
544842763694299844
42275808454532745
640447478984368781
584140670683122853
942901993199220360
553759181321731242
716141503642381237
460696058721535926
720344910433315511
147665117400359911
461533727885902480
435700994849954677
727970344349844940
213338500688175149
648113423926551860
653984538016514639
185269385801903841
713423438163198722
818263475880175802
162543759565005623
956482772947434676
603006031407508416
707041744903997700
306833739879829953
369991027663230002
670570759286904602
192782337603025482
520879265372650207
285293751939772262
303090836293145844
590307981327140357
724139542955629737
721146270891344256
107686014012498133
788616808837569913
909539354402988993
767251261292367177
950608627581077433
436978634106437866
419530257844141154
470584240071273679
118947842887547515
389540035706410169
934937422280923901
28858266913219659
924114154012287543
131367793562351598
748045941621053996
696244842357387086
486736553832520137
596982262491633569
99868137506514810
227548019995968478
688058453690127261
152194190941139318
965926848209688727
215086130642303151
208878264679933565
845827020912616481
137241840691654377
449086273512373535
618510752038871259
744699117187004336
212280898212636500
743989286213121847
526802759255880655
207435105261925726
190086578765336015
702599306133628862
535236246402039771
960086481000432260
254578717661512780
912886305571839517
799739952840676479
181436221633960399
714057911257769459
60593667643859317
518119709907676432
813427408337478020
595481385955612523
104624523002297653
543975110171832747
647619721200515034
827400478313902681
578253845224499737
512502236281808013
112837523281507581
863699782709377716
936294270951093617
310501741918950390
367005770055227064
197774877682447186
526229037656305979
862491098644070061
577320615503589280
850809932597325162
297953482421411836
355996799207637587
930275918948306333
30861587115740315
625412266504271156
878127318150461378
130860108620325088
624496501711081412
698033747688063373
408856349878700266
655406614603309464
313740765345713432
778890874998249455
553026257040237531
807817633786780039
762059378699233115
685314426687243412
777772635610718073
494397797238566172
486434749731933071
505016339422173226
101639200704571333
276777307099443591
507893085966328502
70573443643644
415797310459268596
151106597685029670
498497036291798093
920380944238874296
771294832683105368
551368974806033522
331790113752850342
601231573794303576
894340667449281367
558904399972214616
63064953825909116
519600914602045153
816475336513318688
194339723326295626
709381007514879119
849938810223336128
42963828502362643
249435230049135316
257293953325912431
763547389914351518
234276563198611536
720929217844134491
312671694640121522
454808773553764029
918389076793607475
470597295758657286
369845350218624923
223376060478808057
346286829706159069
636827877158942730
575941042797282814
352493241022225963
66132929179122574
681281313509378835
988694305325613104
154132026005764040
634133396318636825
609448991049655842
879651132902106579
717236952928386232
368020397304931358
839046551496112661
967376814809671120
828659571282606438
216803551134506071
129338301636224805
884495220021369595
474326965605332971
621505909434865647
462618146926265167
875620079805430762
474029419546197989
21330624320757606
261105706345410045
85295542008835292
20009586887713471
217131857358542956
100875392361679194
163693648539594109
693475021101304691
342092741636502125
770121397711679434
39048765673244239
514609519727191488
2680645636941141
293641708156142517
442530748582351730
791571747972315487
974878801355787052
363762532134665335
686731630398104652
103168467130315738
343771892952833168
642755418904277640
587993315138724530
406881251819129282
832508812493654003
210559175319214474
504143579828112822
479527263206828765
604027639217623661
35991284951562637
969734686149786651
919190640071824357
846698203402404802
759299855779172949
531986814016127860
718016036123777725
755978954256599814
366467360383243257
421949577000784094
75931354160274038
139024248596700577
455349808577090412
976211953096330706
605942394398139515
873341018416376960
44073118856409900
886977408919692900
853798795545500494
355731063015352545
792462524216647461
112377969023921206
248825768143657672
368943143676022390
996887932209951387
618705867327459612
21010454890117796
744737048491037904
426846516666334202
113821970917361421
101255120858933559
48445833265603012
578372837808330218
