1000
1
2
3
4
5
6
7
8
9
10
11
12
13
14
15
16
17
18
19
20
21
22
23
24
25
26
27
28
29
30
31
32
33
34
35
36
37
38
39
40
41
42
43
44
45
46
47
48
49
50
51
52
53
54
55
56
57
58
59
60
61
62
63
64
65
66
67
68
69
70
71
72
73
74
75
76
77
78
79
80
81
82
83
84
85
86
87
88
89
90
91
92
93
94
95
96
97
98
99
100
101
102
103
104
105
106
107
108
109
110
111
112
113
114
115
116
117
118
119
120
121
122
123
124
125
126
127
128
129
130
131
132
133
134
135
136
137
138
139
140
141
142
143
144
145
146
147
148
149
150
151
152
153
154
155
156
157
158
159
160
161
162
163
164
165
166
167
168
169
170
171
172
173
174
175
176
177
178
179
180
181
182
183
184
185
186
187
188
189
190
191
192
193
194
195
196
197
198
199
200
201
202
203
204
205
206
207
208
209
210
211
212
213
214
215
216
217
218
219
220
221
222
223
224
225
226
227
228
229
230
231
232
233
234
235
236
237
238
239
240
241
242
243
244
245
246
247
248
249
250
251
252
253
254
255
256
257
258
259
260
261
262
263
264
265
266
267
268
269
270
271
272
273
274
275
276
277
278
279
280
281
282
283
284
285
286
287
288
289
290
291
292
293
294
295
296
297
298
299
300
301
302
303
304
305
306
307
308
309
310
311
312
313
314
315
316
317
318
319
320
321
322
323
324
325
326
327
328
329
330
331
332
333
334
335
336
337
338
339
340
341
342
343
344
345
346
347
348
349
350
351
352
353
354
355
356
357
358
359
360
361
362
363
364
365
366
367
368
369
370
371
372
373
374
375
376
377
378
379
380
381
382
383
384
385
386
387
388
389
390
391
392
393
394
395
396
397
398
399
400
401
402
403
404
405
406
407
408
409
410
411
412
413
414
415
416
417
418
419
420
421
422
423
424
425
426
427
428
429
430
431
432
433
434
435
436
437
438
439
440
441
442
443
444
445
446
447
448
449
450
451
452
453
454
455
456
457
458
459
460
461
462
463
464
465
466
467
468
469
470
471
472
473
474
475
476
477
478
479
480
481
482
483
484
485
486
487
488
489
490
491
492
493
494
495
496
497
498
499
500
29567633
976128234
907083176
162545225
857971979
81795257
151094781
632531270
708780614
359046211
991005448
954656284
694962108
743638641
436935441
310895782
839437330
883563007
61645037
4174080
258793479
947162237
801677543
829013803
469030281
556181072
532752611
464824191
535850040
521607414
389727173
897022658
917287925
713364546
570469458
741462833
582237100
809221057
179715773
703447800
963893763
741284595
21125172
111139379
948537394
451845163
513195717
227948398
419246761
468469770
783109275
965438336
200663723
959299041
513263379
4784188
316885483
744972716
423219851
99996219
175442801
37081197
910371698
333778241
688346793
229355586
863866821
707936925
163220641
550746949
945478401
171145137
941321766
744692556
21755900
883293729
608846723
869570621
982477887
421771493
486509683
4709051
759073615
100574695
116653237
923537032
756556142
102438410
593637779
163139322
545475649
611908266
711528028
32666786
77459902
889305272
79113682
546938244
131615935
311985524
693692352
621719293
411627226
651251482
300547436
936930291
440779538
471373123
176584336
181013777
677738125
919677959
205921795
226429185
436699182
354098928
627774873
857019978
60592492
359490417
632486073
566490164
861487724
472173573
32784465
599175447
381904133
580475932
229319410
5512340
333626044
999251470
373433720
780967252
310589904
314947565
39795218
286111434
574593508
208666115
948163658
385288223
424865680
311075559
636730511
116478085
290640801
298572439
255461734
914220643
837092709
119058674
21997201
112651312
94288419
489982094
472065584
279808275
922756114
240591196
532576856
758723440
458912004
886313329
992209164
93032293
694226267
84089739
186196648
670900380
360528370
416211300
244654348
240037220
54971660
655342729
49970194
3211480
55860766
622371575
20091263
746203859
640839171
459717761
130558221
587090094
628468387
255214179
600920218
601952292
381072097
51832134
821436928
743277069
581176805
77521330
824531640
381087341
273148613
866475975
482311538
489629401
859150674
438865964
784580696
781317879
301903254
928740031
876325348
219527108
853423953
902002795
974481415
495579894
344260868
481642478
792094625
141937502
365219046
16033268
186913748
172289083
209939552
254604722
504154789
273408460
306818763
667429384
438133952
554743964
913274805
100256173
377769365
375508147
368794325
340702186
118022441
207065958
208373468
184980893
453828146
120448977
383570951
301073726
673255109
524191714
392133805
79876595
132265224
497916819
816354513
163112719
61246475
268723523
76941217
207955979
607024800
25250188
43546150
956031883
777713426
813356397
622182257
271836896
250995351
750851173
797028374
790418925
429746934
169807884
142767562
505738408
699024106
213874084
35211958
888335860
510251926
694048217
306964868
41476035
579741113
635788552
212944686
162113076
4026318
156164269
771165848
882372818
861388041
682976044
44125901
585968548
228296628
342777186
620585888
428554186
575482421
237901614
915845489
254081851
613038855
608172888
262963695
840426190
413636431
9482619
817573425
661043759
508909052
317486848
515741619
603500180
829555481
359555033
362598713
644774568
895283378
522310819
211475276
251870475
762813746
661260864
85450823
397867077
644311712
506048232
984552071
795195011
790468689
373369430
928228857
10370284
109055117
427829550
567794956
491346531
683640224
501028622
906176902
496469386
974572437
328715490
501543315
492055240
185204152
650652802
759509959
531345989
935041712
155934154
25431334
921125318
957652034
786270907
696530078
797558478
53322952
297331385
872650719
106149623
894755706
618663191
224044921
75791534
743433008
66680876
981029812
243739564
991753538
194076290
843283908
148637163
798067723
10212414
618532461
173413639
222306699
769772011
204028354
304690038
456151853
159518076
856712460
180218011
421265464
546278521
199497116
558418398
640742138
459462048
11870125
284041355
548202277
722342881
603401660
274635285
513174482
704470415
650168113
482634023
403987643
34565006
529814949
178051809
608182066
129975281
156784731
594493689
84409686
677235567
465557218
824445053
421432028
349148190
219069587
158771089
797118061
758207019
916270426
383667689
129294682
561468476
266367480
13735344
337645264
746596680
422836494
497579709
810271085
184603451
126562693
576856741
702059872
875060849
291324136
214836749
776922068
977022418
430143253
702853657
206618018
252718595
596792066
167777543
792285478
220981423
43513168
913907496
272553077
697113914
931360850
928948594
201244425
915195903
406314456
948221926
432630571
294069481
611523209
924546131
911696122
798473065
688706413
360593814
50667530
233315338
789423276
836060575
764492087
530603743
17753471
435256469
610678155
351501592
549445486
254987226
210765328
190139602
350914001
294706233
254770696
594459617
772653506
344031268
368139203
267117170
248409429
948037439
824732301
996239978
603385093
867169390
334025774
329695711
89627360
47054879
909916602
680334241
312606032
125061365
